#------------------------------------------------------------------------------
# テクスチャファイル名
#------------------------------------------------------------------------------
TEXTURE_FILENAME = data/TEXTURE/glass.jpg		

#==============================================================================
# フィールドの設置
#==============================================================================
FIELDSET
	POS = 0.00 10.00 0.00
	BLOCK = 80 80
	SIZE = 63.00 63.00
	VTXPOS
	39.82 79.09 125.13 175.10 224.63 266.84 293.86 298.74 286.32 265.44 249.82 241.10 235.44 235.87 240.69 253.31 251.80 242.75 217.82 191.86 165.11 138.60 124.62 128.51 131.41 131.19 123.71 105.46 82.08 62.63 48.90 35.18 26.57 25.36 20.75 14.18 7.41 2.15 0.00 0.00 0.00 0.00 0.00 0.00 0.00 0.00 0.00 0.00 0.00 0.00 0.34 10.12 22.12 29.11 34.68 37.12 32.19 37.13 52.84 68.62 75.46 73.03 67.71 75.32 87.09 93.38 86.66 76.88 68.52 66.04 67.84 62.25 63.31 64.17 72.91 71.96 54.40 41.52 32.10 25.22 0.00 
	55.01 99.50 149.81 201.89 251.27 294.32 326.13 344.03 340.81 317.48 305.15 296.67 291.17 287.30 286.23 288.85 282.51 274.42 260.60 240.22 214.33 185.16 168.16 172.81 176.76 178.69 163.54 138.51 117.88 103.22 86.39 69.99 55.50 50.77 42.07 30.37 18.33 8.12 1.58 0.00 0.00 0.00 0.00 0.00 0.00 0.00 0.00 0.00 0.00 0.14 10.17 27.28 41.82 49.57 47.90 47.99 43.17 50.40 63.37 81.97 80.72 80.81 81.34 89.38 96.98 99.12 88.50 83.61 86.45 97.43 101.67 91.98 79.10 75.84 82.86 84.05 73.39 59.26 49.58 43.26 0.00 
	67.03 112.97 165.83 219.93 269.18 310.10 341.09 359.18 366.50 359.96 350.23 341.43 333.28 324.30 318.64 315.21 303.71 293.76 292.78 277.36 253.00 228.29 214.90 216.91 218.06 213.49 196.20 175.48 159.97 140.62 121.39 102.36 86.63 77.96 67.00 50.31 32.00 16.30 5.17 0.15 0.00 0.00 0.00 0.00 0.00 0.00 0.00 0.00 0.00 2.02 15.04 34.87 51.73 49.92 44.20 43.05 50.65 63.58 69.26 77.77 77.87 79.39 78.04 87.24 84.63 80.41 76.58 78.96 96.13 110.63 112.38 100.25 77.63 67.86 77.61 80.44 78.69 70.61 59.45 45.02 0.00 
	76.14 125.39 178.79 231.81 279.08 314.78 341.58 362.83 375.72 376.43 376.12 373.20 362.16 348.55 338.63 329.68 315.83 301.98 305.30 297.81 277.10 263.19 255.24 256.91 248.30 238.11 221.21 208.21 191.42 171.11 149.91 131.60 116.53 104.51 90.19 69.68 46.22 24.84 9.29 1.00 0.00 0.00 0.00 0.00 0.00 0.00 0.00 0.00 0.00 1.17 12.73 29.46 42.72 40.91 29.45 39.73 62.48 81.57 96.97 92.93 83.47 73.27 75.08 78.73 67.85 59.61 59.43 70.60 87.36 102.95 102.44 85.21 62.74 48.96 56.86 67.72 73.91 67.37 64.09 41.25 0.00 
	88.70 133.12 184.74 235.33 274.15 306.36 334.85 358.30 373.89 379.40 380.38 385.96 373.10 359.12 346.40 341.02 329.49 309.91 313.28 307.41 295.49 297.23 293.36 290.14 271.59 250.59 241.17 232.45 218.68 198.45 178.07 160.93 145.69 130.10 109.03 84.03 57.68 31.79 12.48 1.75 0.00 0.00 0.00 0.00 0.00 0.00 0.00 0.00 0.00 4.96 12.81 25.83 31.93 29.42 33.71 57.57 85.35 113.43 121.81 122.33 102.54 78.98 66.88 59.57 48.88 43.93 47.42 57.56 65.87 77.79 70.76 55.48 37.14 34.49 44.08 53.09 65.04 67.35 60.15 39.53 0.00 
	102.75 146.40 189.25 232.59 262.78 292.55 319.25 342.22 358.41 368.79 374.46 382.47 367.42 353.14 346.46 343.59 337.53 318.61 316.96 312.88 314.26 318.78 316.00 305.82 285.18 261.05 257.98 249.26 237.94 218.88 200.28 189.03 172.56 147.99 118.76 90.73 63.06 35.32 13.53 1.70 0.00 0.00 0.00 0.00 0.00 0.00 0.00 0.00 1.14 9.92 18.57 24.91 22.87 23.96 51.13 85.86 115.48 130.30 144.18 136.14 110.79 73.05 49.50 39.51 26.13 18.19 15.42 18.29 24.90 27.93 20.10 8.62 2.93 1.48 14.46 28.86 54.22 66.57 65.99 44.57 0.00 
	114.32 160.82 202.62 228.82 243.32 262.27 289.87 317.37 334.43 341.75 354.26 367.53 360.60 344.33 333.80 331.71 325.87 316.09 316.79 328.97 328.91 325.77 316.38 303.59 288.99 278.05 268.13 257.68 245.72 225.75 214.00 204.84 180.94 150.62 119.12 88.88 61.68 34.17 11.70 0.72 0.00 0.00 0.00 0.00 0.00 0.00 0.00 0.00 0.89 10.98 23.00 25.38 20.18 39.30 79.22 122.38 138.84 135.29 127.69 121.73 92.14 49.14 21.08 8.03 -11.43 -21.53 -26.80 -27.93 -28.60 -37.38 -44.32 -50.74 -51.09 -42.62 -28.73 -7.79 31.60 58.84 65.09 49.27 0.00 
	120.15 168.35 208.25 235.78 249.64 242.55 263.33 291.01 306.04 311.30 326.98 344.33 353.60 339.98 322.44 316.88 316.26 315.34 314.55 329.90 333.28 319.25 304.73 298.06 296.59 289.35 271.55 259.52 247.64 232.70 216.93 197.26 170.36 144.17 111.85 80.70 54.00 27.93 7.08 0.00 0.00 0.00 0.00 0.00 0.00 0.00 0.00 0.00 0.00 7.88 18.26 22.33 31.54 61.76 110.14 138.09 148.35 135.61 124.24 100.18 61.53 20.59 0.09 -13.22 -37.04 -54.67 -64.72 -67.13 -69.05 -84.09 -97.57 -103.05 -97.84 -94.60 -74.63 -48.03 -4.01 41.90 58.84 43.06 0.00 
	120.24 165.38 207.44 243.09 257.32 249.66 252.51 272.39 289.78 296.67 306.25 327.50 342.31 329.59 315.86 304.55 302.13 304.68 305.79 316.02 319.11 306.35 298.34 297.87 298.73 288.65 272.37 258.79 247.24 236.24 212.95 182.00 154.50 130.01 98.64 67.23 41.15 17.18 1.25 0.00 0.00 0.00 0.00 0.00 0.00 0.00 0.00 0.00 0.00 4.62 14.10 21.91 41.42 76.15 111.69 130.17 130.46 128.39 115.42 81.98 43.44 4.61 -1.48 -24.78 -55.45 -79.03 -86.69 -84.22 -81.90 -100.94 -107.99 -117.11 -110.94 -109.80 -101.31 -76.85 -25.19 19.83 41.73 31.15 0.00 
	118.07 162.73 205.92 241.02 256.57 252.45 251.91 267.91 281.33 288.54 294.35 310.28 320.92 309.11 299.33 293.05 291.72 293.55 288.65 293.16 295.21 295.98 293.12 293.09 294.32 284.79 268.68 255.76 248.38 233.12 202.12 164.20 136.57 109.69 80.21 49.15 24.35 4.02 0.00 0.00 0.00 0.00 0.00 0.00 0.00 0.00 0.00 0.00 0.60 8.47 23.31 32.51 47.75 65.01 89.25 91.67 93.25 97.95 85.89 60.19 26.62 7.35 -6.31 -35.51 -68.86 -96.86 -96.15 -88.19 -78.02 -95.46 -110.62 -107.57 -105.23 -109.01 -108.95 -89.25 -37.44 1.25 25.18 20.09 0.00 
	111.09 155.33 198.19 234.61 255.36 255.87 252.58 262.22 273.97 282.07 285.75 298.20 296.47 279.74 269.47 270.37 276.62 274.77 267.66 269.37 278.81 284.15 280.01 277.96 282.14 276.91 264.13 255.10 241.80 217.95 177.77 143.72 113.44 84.50 56.47 26.93 4.78 0.00 0.00 0.00 0.00 0.00 0.00 0.00 0.00 0.00 0.95 4.53 8.19 20.05 43.28 52.69 52.16 60.53 72.15 66.58 57.21 54.93 52.68 33.86 18.14 3.60 -14.11 -48.88 -87.11 -111.65 -99.72 -71.33 -57.88 -67.92 -91.77 -101.98 -100.97 -108.28 -105.99 -80.25 -38.16 0.39 19.05 16.62 0.00 
	108.28 147.08 183.61 217.04 240.30 250.86 251.77 257.92 265.39 271.12 274.48 281.84 274.95 257.45 237.85 240.96 253.20 255.77 261.10 273.24 281.83 282.22 269.84 262.85 267.70 270.21 264.77 248.07 222.30 187.94 148.84 117.67 85.22 55.78 29.74 5.51 0.00 0.00 0.00 0.00 0.00 0.00 0.00 0.00 0.00 7.20 22.01 34.88 40.35 58.08 79.79 83.33 73.23 74.03 76.50 72.37 39.82 25.21 19.29 16.74 7.46 -9.40 -26.79 -62.81 -100.43 -118.59 -99.77 -52.85 -28.86 -25.81 -37.75 -62.47 -87.00 -96.59 -88.84 -59.70 -23.03 6.64 20.25 24.71 0.00 
	101.52 137.86 170.95 200.23 222.99 239.68 253.40 257.13 256.67 259.38 259.59 261.50 249.88 233.39 218.08 217.99 227.59 238.22 253.87 268.44 276.42 276.50 267.19 257.77 257.12 260.78 256.01 230.74 194.82 157.72 124.09 91.65 59.81 32.70 12.33 0.44 0.00 0.00 0.00 0.00 0.00 0.00 0.00 0.00 9.94 31.62 60.20 86.72 106.67 110.96 121.80 115.36 97.44 93.82 91.21 70.16 30.05 2.57 4.78 -0.26 -11.99 -24.34 -44.13 -79.69 -113.32 -118.40 -92.66 -41.04 3.18 14.03 10.41 -7.26 -32.65 -47.90 -50.19 -33.80 -9.60 14.67 28.84 34.14 0.00 
	95.79 125.80 156.15 180.65 204.62 224.93 240.23 244.78 245.60 247.71 245.90 242.01 224.31 214.11 208.51 210.15 218.40 231.67 251.94 262.65 266.61 266.37 259.02 254.56 246.81 240.29 223.69 197.89 165.13 131.77 100.72 69.25 40.73 19.13 3.87 0.00 0.00 0.00 0.00 0.00 0.00 0.00 1.57 13.67 32.44 65.26 102.58 130.76 145.83 157.63 148.57 143.15 120.35 110.14 92.17 58.87 23.89 0.00 -2.00 -10.39 -25.66 -42.40 -61.49 -83.40 -106.43 -111.74 -78.19 -37.86 7.57 29.48 35.17 27.28 12.99 -3.43 -7.72 -0.41 8.17 24.57 32.35 36.84 0.00 
	84.30 110.60 137.34 157.47 177.88 200.49 215.76 225.15 230.95 235.04 230.54 219.98 206.41 203.38 201.95 207.20 215.79 232.28 251.66 261.34 259.22 253.49 253.61 248.86 229.73 206.89 183.77 158.83 132.86 105.28 76.16 47.80 23.35 6.51 0.00 0.00 0.00 0.00 0.00 0.00 0.00 5.25 21.26 36.57 65.55 103.84 133.87 151.12 149.56 148.68 151.61 156.58 136.03 105.20 74.82 40.21 16.49 0.00 -2.76 -15.38 -35.88 -58.81 -68.38 -83.72 -85.98 -89.75 -74.39 -47.49 -14.66 4.50 19.57 25.91 26.10 22.14 23.04 20.96 24.26 30.67 35.64 40.35 0.00 
	71.73 94.80 116.46 137.64 160.52 181.27 197.19 202.68 214.06 224.26 224.28 214.21 199.60 198.25 198.74 205.24 215.31 231.31 251.00 255.88 249.29 243.99 243.09 230.22 200.92 168.28 142.75 120.56 98.74 73.00 46.88 22.68 4.84 0.00 0.00 0.00 0.00 0.00 0.00 0.00 3.58 18.50 39.13 57.65 89.29 127.90 150.08 144.03 141.01 140.97 149.56 148.77 134.50 90.43 49.01 19.56 5.98 0.00 -2.67 -14.87 -38.65 -64.86 -73.67 -82.10 -83.10 -76.12 -72.73 -63.15 -50.46 -34.16 -18.18 -4.65 0.58 10.54 19.94 24.57 28.11 33.72 39.43 38.10 0.00 
	64.25 81.79 96.81 119.91 141.56 158.81 172.78 186.61 205.08 217.38 220.47 214.70 200.78 196.65 197.16 203.10 212.09 226.09 245.56 247.02 244.11 235.07 218.49 197.60 167.56 135.23 109.41 85.54 63.14 39.11 17.12 2.46 0.00 0.00 0.00 0.00 0.00 0.00 0.00 0.00 6.37 27.79 50.40 68.79 91.93 119.87 129.77 131.40 121.15 131.70 141.62 143.77 122.61 86.12 48.11 21.09 3.26 0.00 -1.83 -11.70 -30.35 -59.52 -77.70 -85.54 -86.95 -79.77 -76.80 -77.65 -74.00 -72.77 -59.50 -34.11 -23.40 -20.12 -10.87 -0.43 8.68 28.60 48.55 52.79 0.00 
	58.08 74.69 86.56 103.77 123.07 142.00 158.31 177.53 198.27 212.35 214.50 210.56 202.25 195.35 191.40 195.04 201.72 210.15 220.05 223.27 223.89 210.15 187.51 162.20 131.96 102.75 77.71 54.53 33.52 13.05 0.84 0.00 0.00 0.00 0.00 0.00 0.00 0.00 0.48 5.62 16.47 35.86 57.49 67.68 79.61 95.68 98.81 93.49 100.11 113.82 123.83 132.11 121.47 93.66 70.42 41.20 14.66 0.00 0.00 -6.56 -22.26 -41.57 -67.97 -87.77 -87.73 -82.91 -76.68 -82.51 -86.86 -91.09 -83.04 -67.46 -66.26 -65.79 -51.05 -36.82 -12.83 30.30 60.27 74.05 0.00 
	55.71 71.02 83.95 97.92 115.32 132.34 150.68 166.68 187.58 199.08 205.49 205.27 196.79 189.30 181.87 185.92 189.15 188.24 188.83 190.04 185.44 171.82 150.13 123.73 92.28 66.01 43.64 24.05 7.17 0.00 0.00 0.00 0.00 0.00 0.00 0.00 0.00 0.57 8.52 18.34 36.92 61.23 71.00 63.39 63.06 68.92 68.55 70.15 73.81 93.95 117.07 122.42 111.57 97.45 72.76 54.30 23.79 0.49 0.00 0.00 -10.58 -27.02 -45.29 -66.65 -73.79 -61.65 -58.85 -68.60 -84.02 -93.31 -90.77 -85.68 -86.71 -89.80 -85.84 -64.56 -18.84 37.16 81.97 92.30 0.00 
	51.25 69.00 86.05 101.10 115.25 129.61 144.97 162.86 180.18 186.81 190.98 192.70 185.89 175.87 166.96 165.65 163.26 158.67 154.91 149.05 143.11 128.27 107.97 84.47 59.18 37.98 19.98 6.32 0.00 0.00 0.00 0.00 0.00 0.00 0.00 0.00 0.00 6.15 22.20 48.47 74.96 91.38 82.83 70.57 53.82 45.05 40.12 41.16 46.65 67.96 95.04 108.91 96.27 80.56 62.63 44.06 19.74 0.00 0.00 0.00 0.00 -9.10 -21.76 -34.43 -40.93 -34.56 -31.72 -38.93 -58.85 -73.76 -81.27 -85.20 -90.62 -96.69 -85.12 -57.14 -4.93 56.08 99.35 99.93 0.00 
	49.23 68.04 86.54 105.82 122.41 131.81 144.01 157.48 169.72 175.73 178.20 180.32 175.27 158.67 141.35 132.80 129.19 122.53 114.18 106.62 98.06 84.30 66.20 47.43 29.97 15.22 4.23 0.00 0.00 0.00 0.00 0.00 0.00 0.00 0.00 0.00 0.17 17.43 54.40 93.80 112.12 108.22 93.10 71.64 53.31 31.60 19.72 14.04 24.79 43.94 61.86 76.93 65.62 53.05 37.52 22.31 8.07 0.00 0.00 0.00 0.00 0.00 -3.30 -8.70 -8.99 -6.55 0.97 -13.03 -30.34 -42.59 -50.03 -59.18 -66.39 -67.21 -58.29 -27.71 21.48 77.25 104.21 94.04 0.00 
	45.78 64.30 82.27 103.09 119.14 130.60 137.68 143.71 154.16 158.50 159.13 157.21 149.99 136.76 115.96 100.38 89.92 79.78 70.71 62.85 54.53 42.43 29.65 18.17 8.36 1.58 0.00 0.00 0.00 0.00 0.00 0.00 0.00 0.00 0.00 0.00 5.63 34.18 89.40 135.04 140.01 117.10 89.82 70.44 45.56 22.84 6.54 2.28 3.90 18.86 25.33 26.26 25.80 22.66 13.56 5.09 0.03 0.00 0.00 0.00 0.00 0.00 0.00 0.00 4.00 9.60 14.14 13.87 5.84 -6.43 -14.94 -23.55 -31.15 -32.40 -23.63 5.10 48.30 86.86 110.22 99.55 0.00 
	41.45 60.29 77.39 96.91 110.04 120.37 126.59 131.11 134.15 133.35 129.87 124.31 119.05 108.49 93.36 75.36 57.07 39.76 28.75 23.79 17.01 9.50 4.96 1.35 0.00 0.00 0.00 0.00 0.00 0.00 0.00 0.00 0.00 2.48 6.72 5.61 14.73 51.67 109.30 153.58 140.58 105.39 71.03 45.69 25.71 6.86 0.00 0.00 0.00 2.58 5.71 7.01 7.22 4.19 0.00 0.00 0.00 0.00 0.04 0.44 0.00 0.00 0.00 0.37 8.80 20.54 30.89 33.25 28.74 17.90 13.69 10.23 6.34 4.97 4.68 18.89 47.46 91.17 106.33 100.40 0.00 
	33.27 51.50 68.25 85.27 98.43 106.69 108.26 110.12 108.25 102.97 98.06 90.74 86.30 77.77 67.01 51.48 35.05 19.62 10.50 4.20 0.15 0.00 0.00 0.00 0.00 0.00 0.00 0.00 0.00 0.00 0.01 5.03 15.86 22.11 20.46 19.23 23.79 55.74 115.70 139.96 128.87 89.27 56.66 26.29 2.64 0.00 0.00 0.00 0.00 0.00 0.79 1.69 0.92 0.00 0.00 0.00 0.00 2.72 7.98 9.00 6.16 2.42 0.00 1.29 10.60 27.22 42.89 46.52 40.27 30.45 23.90 25.69 25.40 22.60 19.20 28.24 44.51 77.84 96.81 104.60 0.00 
	26.19 41.90 56.61 68.53 79.45 85.09 85.53 82.31 78.73 70.60 64.83 57.58 53.35 47.54 37.98 25.88 13.97 6.44 1.63 0.00 0.00 0.00 0.00 0.00 0.00 0.00 0.00 2.31 5.54 7.74 19.99 43.46 53.14 49.40 48.35 39.19 39.29 63.52 111.44 133.07 124.54 94.67 59.07 22.72 2.10 0.00 0.00 0.00 0.00 0.00 0.00 0.00 0.00 0.00 0.00 0.00 3.21 13.32 24.15 27.34 20.28 8.97 1.18 0.00 7.98 23.24 35.22 44.08 38.09 28.50 25.78 30.63 35.14 36.47 34.28 34.28 43.54 60.86 84.20 104.47 0.00 
	24.06 31.41 41.64 50.46 57.27 59.76 58.29 53.99 46.08 40.81 35.37 32.00 29.18 22.88 13.88 6.06 0.71 0.00 0.00 0.00 0.00 0.00 0.00 0.00 0.00 0.00 2.44 13.43 18.11 27.37 47.43 77.42 85.69 73.02 68.58 67.16 71.93 82.67 110.66 120.82 121.55 102.25 76.41 43.19 12.04 2.93 0.00 0.00 0.00 0.00 0.00 0.00 0.00 0.00 0.00 0.32 9.13 28.26 47.65 54.78 40.66 18.87 4.59 0.00 1.72 12.54 21.29 25.00 22.28 17.72 16.89 23.76 29.27 37.54 39.64 37.54 40.30 48.91 77.51 113.49 0.00 
	29.04 27.09 26.46 34.64 42.15 44.90 41.02 33.72 24.35 19.18 15.90 13.44 10.42 5.18 0.61 0.00 0.00 0.00 0.00 0.00 0.00 0.00 0.00 0.00 0.00 1.29 11.70 29.25 36.34 34.19 54.74 81.78 77.30 65.60 67.31 82.24 93.97 97.69 102.60 107.89 103.42 99.78 97.53 72.76 44.53 24.94 11.19 5.10 6.38 5.28 1.31 0.00 0.00 0.00 0.00 1.24 13.07 44.60 74.06 81.20 61.36 30.45 6.31 0.00 0.00 0.25 5.13 7.39 7.01 4.27 4.94 10.74 17.81 25.93 33.42 39.76 41.77 50.31 72.36 113.51 0.00 
	32.40 24.67 28.88 43.30 49.83 43.50 35.82 26.29 17.14 9.16 11.61 15.19 10.44 8.48 4.91 0.18 0.00 0.00 0.00 0.00 0.00 0.00 0.00 0.00 0.00 3.24 17.30 45.05 44.84 39.85 47.41 71.70 78.44 72.62 89.20 106.18 116.22 108.40 107.44 105.59 87.76 85.48 96.30 91.76 73.20 55.26 36.35 22.28 23.40 23.10 17.38 7.68 0.07 0.00 0.00 4.03 23.24 63.46 96.10 102.54 76.62 38.05 5.62 0.00 0.00 0.00 0.00 0.00 0.00 0.00 0.00 0.22 5.79 22.57 44.95 64.00 73.76 74.42 86.99 110.67 0.00 
	30.10 30.85 45.57 70.75 78.98 70.29 51.85 33.58 15.30 10.58 20.56 29.59 31.10 22.61 14.91 9.54 1.57 0.00 0.00 0.00 0.00 0.00 0.00 0.00 0.00 0.49 24.72 51.94 58.41 42.23 60.16 90.43 111.15 117.19 127.23 145.64 147.03 146.06 148.82 145.89 121.05 105.90 112.56 105.94 91.70 76.62 55.55 42.56 45.51 45.37 36.00 21.93 6.70 1.27 10.52 20.62 52.58 97.53 128.04 125.96 82.67 37.43 6.25 0.00 0.00 0.00 0.00 0.00 3.96 7.58 6.78 5.48 13.27 32.81 66.23 96.12 102.88 102.67 105.70 109.21 0.00 
	31.16 37.66 63.70 95.58 110.31 102.41 86.21 65.02 38.14 27.70 32.17 38.20 35.54 29.55 27.65 22.80 11.38 2.48 0.00 0.00 0.00 0.00 0.00 0.00 0.00 3.85 28.50 62.73 63.04 54.36 72.78 112.35 142.62 162.60 181.85 191.96 191.45 189.16 190.79 188.66 164.49 143.59 142.11 134.42 122.29 109.83 91.76 80.50 79.28 67.38 54.19 44.69 21.12 10.30 26.58 49.91 88.30 131.39 151.39 136.09 84.27 35.62 3.99 0.00 0.00 0.00 0.19 12.04 24.63 31.97 32.60 30.69 42.04 63.91 102.50 132.68 137.53 136.64 115.76 106.83 0.00 
	40.76 54.65 78.41 110.15 121.26 113.15 101.18 84.64 59.15 45.87 45.49 47.62 40.45 27.18 27.53 30.06 17.24 5.86 0.00 0.00 0.00 0.00 0.00 0.00 0.00 6.25 39.53 69.64 64.25 54.51 82.96 127.84 173.21 211.77 242.52 253.06 251.13 245.06 239.89 229.50 210.61 193.75 188.45 186.44 172.06 151.83 132.93 128.32 119.95 95.29 79.18 71.96 44.99 33.58 44.64 79.92 119.97 155.54 162.54 130.71 76.66 26.07 2.43 0.00 0.00 0.33 13.33 35.43 55.92 67.94 69.94 72.06 82.69 101.91 125.21 140.29 146.87 146.91 126.93 102.79 0.00 
	50.41 69.51 89.86 115.07 113.23 96.79 82.42 59.47 39.11 33.77 41.44 50.53 41.07 26.58 19.67 17.90 13.31 3.68 0.00 0.00 0.00 0.00 0.00 0.00 0.00 4.94 39.50 76.88 70.48 65.30 102.27 161.02 218.78 271.11 302.78 314.67 315.26 309.18 297.63 280.16 265.63 249.08 237.94 236.24 222.44 198.73 177.64 169.95 150.00 115.51 95.38 83.39 66.00 52.85 61.62 95.19 121.24 142.75 138.99 104.96 57.07 13.94 0.00 0.00 0.82 8.83 34.40 64.21 89.89 100.62 107.95 112.80 119.41 131.08 135.60 143.88 144.12 144.58 130.00 100.32 0.00 
	50.41 75.11 94.35 113.33 104.45 81.35 43.52 9.80 -7.09 -4.85 8.54 23.34 29.36 26.38 18.48 12.62 3.95 0.00 0.00 0.00 0.00 0.00 0.00 0.00 0.00 3.67 41.45 78.67 84.57 84.61 127.29 193.97 257.06 303.28 325.88 331.99 334.39 334.64 332.00 324.36 315.22 306.60 289.52 280.38 264.07 247.31 236.45 218.70 189.22 143.71 112.49 93.02 80.20 74.24 82.52 97.60 111.59 115.17 99.50 68.22 31.34 5.49 0.00 0.00 4.05 22.76 57.31 91.13 118.59 128.32 129.64 134.08 135.08 139.83 134.73 135.31 144.95 150.80 139.54 101.61 0.00 
	47.85 72.56 95.52 103.73 92.32 57.71 10.36 -31.92 -45.32 -45.90 -35.83 -18.79 -2.80 11.61 18.08 12.74 5.53 0.99 0.00 0.00 0.00 0.00 0.00 0.00 0.00 5.96 44.96 90.13 97.13 101.16 143.26 212.12 273.17 309.65 320.50 325.02 324.85 313.43 322.05 328.54 326.81 319.45 312.89 306.16 296.65 287.01 283.06 271.54 243.74 195.88 147.32 116.12 100.53 90.61 98.94 96.60 92.75 82.86 64.69 39.92 10.71 0.71 0.00 2.16 18.54 51.89 95.78 129.69 148.90 154.31 153.52 152.99 154.56 147.29 140.64 144.50 163.37 179.01 158.13 111.25 0.00 
	60.70 82.00 95.17 96.59 72.81 25.00 -28.21 -64.50 -76.19 -75.87 -64.12 -49.50 -33.37 -11.52 9.00 29.93 26.54 11.95 0.74 0.00 0.00 0.00 0.00 0.00 0.00 7.20 44.69 94.66 111.81 108.32 151.69 217.49 275.93 296.55 305.53 311.64 305.37 292.62 315.18 321.32 322.78 319.39 326.79 323.16 312.73 309.77 299.70 297.67 279.89 238.66 186.43 148.20 127.54 113.77 113.26 108.16 95.36 79.48 55.61 32.59 8.38 0.01 1.78 11.82 39.00 85.11 131.02 168.75 182.07 179.52 175.97 173.25 168.73 153.34 144.25 165.12 185.66 193.00 171.77 122.05 0.00 
	86.82 98.45 98.63 91.39 52.60 -2.49 -55.00 -90.51 -97.02 -94.58 -87.76 -74.06 -54.62 -31.80 0.86 33.92 47.55 24.63 2.56 0.00 0.00 0.00 0.00 0.00 0.00 3.42 46.56 99.02 114.30 121.31 152.86 215.06 267.68 282.45 283.50 288.60 287.58 285.19 307.74 325.48 324.17 320.28 322.31 323.30 313.01 318.29 311.24 304.59 298.36 261.32 209.96 167.98 141.64 125.35 119.81 115.05 99.48 84.00 59.28 32.84 9.90 1.24 4.48 19.37 55.34 108.35 156.29 188.27 197.65 195.24 191.61 184.01 174.24 154.93 149.89 162.46 181.83 185.63 162.32 119.62 0.00 
	104.74 114.41 104.11 88.79 41.57 -17.99 -73.74 -108.17 -107.77 -106.99 -96.16 -93.49 -72.02 -49.24 -14.97 30.73 49.13 28.68 1.46 0.00 0.00 0.00 0.00 0.00 0.00 6.44 63.71 118.25 126.48 120.68 154.76 213.02 259.95 272.96 265.12 262.27 267.44 267.13 298.00 318.36 315.56 312.36 307.41 302.63 301.81 319.79 320.91 314.99 307.76 272.40 215.53 172.94 139.53 114.80 106.66 107.75 94.60 79.99 58.25 31.57 10.11 2.03 5.03 21.48 59.14 105.34 153.08 174.54 183.74 179.81 184.19 185.15 171.72 159.90 154.76 159.96 164.84 166.40 145.90 111.49 0.00 
	111.29 121.46 112.16 84.86 33.59 -24.13 -80.14 -110.28 -112.02 -109.30 -111.15 -98.25 -79.18 -59.20 -22.91 27.23 50.12 26.91 4.23 0.00 0.00 0.00 0.00 0.00 0.11 24.88 86.91 131.79 124.12 114.69 154.37 213.51 258.41 277.34 277.17 283.17 278.79 282.68 310.37 320.85 314.63 304.06 304.09 297.10 285.25 315.89 318.45 319.20 309.29 277.42 212.91 165.22 124.29 91.13 80.69 79.03 69.67 56.90 38.80 20.02 7.59 0.86 3.29 13.61 46.53 85.48 120.92 140.67 146.34 145.98 144.90 150.69 148.84 152.69 153.06 153.55 157.84 149.62 134.87 108.87 0.00 
	102.03 117.74 111.50 81.09 27.21 -28.27 -78.20 -104.79 -112.67 -109.44 -99.91 -84.80 -74.12 -57.28 -22.64 27.11 49.29 32.46 5.02 0.00 0.00 0.00 0.00 0.00 4.30 41.28 100.99 120.82 99.03 105.10 155.12 214.15 256.40 274.28 280.77 289.01 286.26 290.37 320.94 329.31 311.72 312.87 313.72 306.57 286.65 303.69 301.69 309.14 307.25 278.44 212.55 155.51 103.35 60.56 47.33 45.62 39.24 28.56 16.65 9.24 3.02 0.00 0.33 5.99 26.31 55.14 83.33 99.63 99.77 97.87 105.02 117.73 135.85 144.38 154.86 152.95 155.61 149.44 136.35 105.53 0.00 
	84.62 100.98 98.96 71.20 19.93 -31.61 -75.58 -92.85 -90.27 -86.58 -77.88 -71.84 -71.98 -63.86 -33.04 11.87 42.60 30.84 8.98 0.00 0.00 0.00 0.00 0.00 9.45 47.99 104.29 103.43 80.43 100.14 155.24 215.04 257.67 267.92 274.53 276.93 261.43 262.15 293.11 301.04 284.98 293.77 291.52 287.12 280.40 301.52 308.19 314.42 312.69 281.16 210.59 145.69 88.07 38.81 22.11 18.45 10.91 4.24 2.54 0.77 0.00 0.00 0.00 0.00 11.62 28.85 46.60 67.73 72.33 76.29 81.54 92.82 104.16 129.26 148.56 152.39 149.72 143.13 129.02 104.76 0.00 
	74.31 85.78 83.91 55.99 9.34 -37.89 -75.22 -82.83 -76.69 -59.72 -48.68 -59.40 -70.64 -68.70 -52.95 -16.59 9.58 24.11 23.67 14.65 3.73 0.00 0.00 0.00 8.43 53.67 95.88 87.59 68.32 95.88 153.09 214.49 257.85 266.93 267.56 267.40 245.53 228.56 244.41 255.10 258.91 257.70 261.89 258.95 261.09 304.41 313.05 317.55 314.34 279.11 207.36 138.10 73.47 21.07 4.30 2.32 0.22 0.00 0.00 0.00 0.00 0.00 0.00 0.00 2.59 14.60 27.76 40.01 54.66 61.69 71.87 83.40 99.61 119.12 133.89 133.70 129.93 121.19 114.77 97.36 0.00 
	63.99 74.12 70.08 39.21 -4.98 -49.76 -80.75 -82.27 -67.63 -38.81 -27.90 -45.88 -72.26 -78.61 -72.98 -56.21 -31.40 4.74 24.79 17.52 8.90 0.03 0.00 0.00 9.23 47.78 80.08 66.62 51.44 83.99 146.96 210.31 259.49 271.88 273.55 272.11 264.59 245.19 254.24 249.32 254.11 261.84 267.27 268.80 289.98 314.76 318.31 322.44 311.77 270.40 198.23 131.10 68.09 18.29 5.53 5.29 1.11 3.81 5.55 2.81 0.00 0.00 0.00 0.00 0.00 3.38 11.16 22.25 34.96 46.78 55.59 62.81 73.28 88.88 105.35 110.30 103.62 104.16 91.33 81.26 0.00 
	58.53 68.12 63.00 27.74 -21.95 -63.56 -93.78 -93.60 -67.15 -25.99 -2.68 -26.83 -67.58 -81.27 -87.76 -83.14 -65.17 -26.03 10.52 19.94 10.10 1.67 0.00 0.00 9.02 37.94 58.99 36.81 29.08 73.06 135.33 200.07 256.46 276.57 277.22 275.45 272.16 263.08 265.32 268.73 268.18 273.76 279.03 289.75 304.71 313.23 318.79 321.20 303.15 254.63 183.42 118.80 59.48 24.13 20.81 19.62 13.63 12.77 17.41 14.55 4.76 0.00 0.00 0.00 0.00 0.00 0.51 8.10 19.04 30.49 38.67 38.38 46.90 62.50 82.84 90.62 92.90 91.77 81.53 67.53 0.00 
	56.63 64.71 57.12 18.39 -30.80 -75.51 -102.72 -103.42 -76.54 -25.00 0.15 -16.04 -63.27 -90.57 -85.86 -88.78 -83.38 -51.99 -1.65 18.74 14.32 6.93 0.00 0.00 10.37 32.73 37.84 21.31 22.91 65.91 121.89 182.90 238.13 275.03 281.52 279.27 271.17 272.66 282.07 286.71 290.52 292.35 297.90 305.14 305.87 314.31 317.40 311.37 283.72 224.46 162.32 100.44 49.81 32.65 40.33 35.80 26.15 21.76 33.23 28.20 14.69 2.63 0.00 0.00 0.00 0.00 0.00 1.49 7.98 16.01 20.36 19.59 23.34 35.46 55.39 80.96 90.83 88.04 79.81 61.65 0.00 
	61.59 68.05 57.94 19.56 -33.08 -74.08 -95.05 -103.72 -83.91 -43.10 -16.22 -19.35 -55.49 -90.37 -86.26 -89.33 -83.69 -63.77 -12.28 12.99 13.86 7.33 0.00 0.04 9.14 22.87 25.40 26.90 34.88 66.73 108.95 159.12 204.58 246.70 272.95 279.08 278.20 275.92 284.45 295.12 304.02 306.36 307.84 308.66 309.35 308.85 302.67 283.06 238.94 188.14 131.80 77.22 44.41 39.56 47.96 40.00 25.66 20.86 37.53 41.89 24.58 7.03 0.00 0.00 0.00 0.00 0.00 0.00 1.90 5.36 7.48 6.11 4.49 19.22 39.48 63.02 79.48 78.71 69.84 48.70 0.00 
	66.77 73.83 64.18 27.99 -23.05 -68.84 -92.11 -100.00 -86.70 -61.26 -28.47 -17.40 -38.41 -63.61 -79.18 -75.41 -66.77 -42.54 -9.99 8.40 7.52 4.12 0.00 0.00 3.71 10.56 16.98 35.55 48.71 60.33 89.96 128.88 166.47 203.86 236.40 249.06 251.34 253.76 254.29 259.35 269.02 276.01 279.74 281.08 275.98 268.25 254.27 230.50 200.28 151.62 98.04 69.66 44.25 47.39 50.72 35.64 14.20 18.53 37.54 44.25 30.23 11.40 0.00 0.00 0.00 0.00 0.00 0.00 0.00 0.00 0.00 0.00 0.00 6.37 21.96 39.36 53.08 58.81 46.80 29.12 0.00 
	81.50 76.46 67.14 38.21 -5.96 -51.61 -80.94 -87.74 -80.69 -68.41 -43.00 -20.68 -9.87 -13.90 -35.05 -46.43 -33.78 -13.54 0.71 5.92 4.51 0.10 0.00 0.00 0.00 0.46 8.88 31.43 52.42 48.82 66.38 97.84 127.29 161.91 192.23 207.36 208.79 202.78 200.39 199.47 202.19 207.36 214.11 216.51 210.83 201.60 185.07 177.46 163.30 117.95 82.05 59.41 52.42 54.30 44.27 28.03 12.67 13.35 33.03 42.77 30.25 11.01 0.00 0.00 0.00 0.00 0.00 0.00 0.00 0.00 0.00 0.00 0.00 0.00 6.52 18.46 27.00 29.01 22.78 11.24 0.00 
	88.18 85.57 75.86 50.10 9.11 -30.73 -56.57 -65.77 -74.94 -79.67 -69.07 -47.10 -11.92 21.60 19.43 1.80 -2.21 8.32 15.11 12.45 8.50 0.00 0.00 0.00 0.00 0.00 1.83 21.42 40.86 47.48 42.37 68.18 106.08 132.38 156.40 170.60 163.29 152.78 142.83 137.68 137.81 147.55 163.46 165.20 155.29 147.95 132.95 121.74 115.98 87.19 61.45 60.41 70.56 56.50 38.84 24.13 18.06 16.15 30.55 44.69 29.45 10.53 0.00 0.00 0.00 0.00 0.00 0.00 0.00 0.00 0.00 0.00 0.00 0.00 0.00 3.38 8.55 9.06 6.27 2.23 0.00 
	83.04 87.55 90.17 73.37 32.24 -9.83 -34.54 -50.91 -73.20 -83.56 -93.96 -79.38 -43.63 0.68 29.43 34.68 33.36 29.21 20.05 11.04 1.12 0.00 0.00 0.00 0.00 0.00 0.00 4.65 18.59 29.82 45.34 57.01 101.17 145.09 151.85 149.28 135.53 114.37 100.86 94.78 106.22 127.57 147.28 151.76 139.80 127.35 109.89 95.04 72.75 52.99 47.15 71.51 74.49 57.99 32.41 28.10 23.96 20.68 32.09 48.26 31.79 12.40 0.00 0.00 0.00 0.00 0.00 0.00 0.00 0.00 0.00 0.44 3.36 6.87 7.06 7.76 12.50 13.82 10.79 3.45 0.00 
	71.22 81.93 106.98 99.81 67.52 21.25 -15.84 -41.96 -67.51 -85.12 -89.17 -87.34 -68.46 -31.23 3.16 34.29 46.52 41.81 23.92 4.53 0.00 0.00 0.00 0.00 0.00 0.00 0.00 -0.56 1.06 16.94 41.95 45.63 67.57 108.87 134.08 122.19 105.25 77.31 65.89 75.37 99.78 115.67 120.65 127.24 120.17 108.40 105.82 95.60 62.61 37.03 40.33 62.94 64.07 49.99 27.75 31.44 26.29 23.07 33.65 50.84 34.89 14.38 0.00 0.00 0.00 0.00 0.00 0.00 0.00 0.00 0.53 5.78 13.36 19.20 21.20 27.56 29.89 29.22 23.22 13.00 0.00 
	79.53 82.74 99.58 108.89 91.66 58.03 19.80 -27.03 -56.96 -75.67 -83.72 -79.97 -75.35 -53.05 -18.87 19.12 31.51 36.10 22.89 7.40 0.11 0.00 0.00 0.00 0.00 0.00 0.00 0.00 0.00 13.79 32.25 43.49 67.15 53.10 83.58 78.90 81.86 69.48 68.91 82.95 94.95 87.94 73.27 71.56 71.13 61.35 69.38 75.90 51.07 22.21 26.50 38.57 41.21 34.58 27.04 25.71 21.60 18.36 32.18 50.43 35.16 13.62 0.00 0.00 0.00 0.00 0.00 0.00 0.00 0.00 3.05 10.20 21.89 30.17 35.91 42.18 43.78 45.34 32.36 18.71 0.00 
	85.08 78.60 85.47 94.27 101.20 96.22 60.49 8.20 -37.31 -62.61 -72.72 -71.46 -59.73 -42.62 -19.09 1.97 12.54 17.73 14.23 5.57 0.00 0.00 0.00 0.00 0.00 0.00 0.00 0.00 0.00 -4.65 19.74 47.52 45.28 32.93 30.30 34.73 52.34 59.45 66.87 66.76 55.96 37.00 21.17 18.91 16.79 13.06 14.36 24.84 16.11 5.47 13.43 17.73 22.09 20.88 20.72 18.91 14.95 12.20 29.58 45.31 34.46 14.22 0.00 0.00 0.00 0.00 0.00 0.00 0.00 0.00 3.73 11.40 24.27 34.32 38.54 43.46 43.56 43.14 31.11 18.04 0.00 
	83.73 71.87 67.57 81.21 107.68 122.03 101.64 48.88 0.05 -33.29 -55.41 -51.94 -44.38 -29.07 -10.98 0.00 0.00 2.80 3.45 0.49 0.00 0.00 0.00 0.00 0.00 0.00 0.00 0.00 0.00 -7.75 1.92 31.08 38.37 20.03 -2.26 3.97 16.23 28.04 31.46 26.57 13.13 3.97 2.23 0.10 0.10 0.00 0.00 0.00 0.00 0.21 5.70 7.68 9.63 12.21 12.60 10.99 7.46 8.89 31.57 41.71 35.93 17.53 0.06 0.00 0.00 0.00 0.00 0.00 0.00 0.00 2.00 8.29 18.12 26.20 27.01 29.83 29.34 27.48 22.83 13.28 0.00 
	70.23 59.99 51.56 69.30 98.36 126.24 114.04 78.65 36.62 8.35 -15.15 -23.60 -20.37 -10.53 -2.16 0.00 0.00 1.20 1.57 0.44 0.00 0.00 0.00 0.00 0.00 0.00 0.00 0.00 0.00 0.00 -0.81 0.00 1.76 -3.52 -0.99 0.00 1.20 5.93 6.80 1.42 0.00 0.00 0.00 0.00 0.00 0.00 0.00 0.00 0.00 0.00 0.00 2.42 3.89 3.38 4.79 2.97 2.71 7.72 20.06 35.87 32.99 15.85 0.34 6.67 14.98 22.61 23.07 15.12 12.79 10.28 6.30 8.99 20.51 29.82 28.84 21.92 21.35 25.08 25.61 17.43 0.00 
	42.76 38.43 36.26 49.43 73.81 98.67 102.20 82.77 66.36 40.01 31.48 26.87 16.76 7.20 2.95 3.92 8.27 9.90 10.66 10.06 6.34 0.65 0.00 0.00 0.00 0.00 0.00 0.00 0.00 0.00 0.00 0.00 0.00 0.00 0.00 0.00 0.00 0.00 0.00 0.00 0.00 0.00 0.00 0.00 0.00 0.00 0.00 0.00 0.00 0.00 0.00 1.21 6.28 11.72 21.25 25.16 21.49 16.15 25.43 38.75 41.17 26.27 14.48 23.64 45.36 60.87 65.95 61.51 54.80 48.85 37.16 32.03 37.24 46.53 50.22 53.19 53.03 48.48 46.01 34.08 0.00 
	12.75 10.55 19.65 28.11 41.59 68.19 84.59 85.91 76.63 68.40 65.77 62.23 35.61 13.14 11.70 17.36 23.38 28.43 29.13 24.09 18.17 10.18 2.41 0.00 0.00 0.00 0.00 1.14 5.51 7.08 6.33 3.51 1.02 0.00 0.00 0.00 0.00 0.00 0.00 0.00 0.00 0.00 0.00 0.00 0.00 0.00 0.00 0.00 0.00 0.00 5.09 13.87 28.67 49.43 62.76 63.20 56.59 48.68 54.18 64.71 65.07 54.49 52.49 62.27 84.65 107.66 116.48 118.92 114.50 104.16 91.03 81.88 76.42 84.57 95.93 101.98 102.88 99.22 83.19 59.07 0.00 
	0.00 0.79 7.41 16.30 31.18 47.74 66.57 77.99 74.03 68.33 67.15 49.08 28.11 15.63 21.46 32.11 43.51 49.70 48.08 40.62 29.39 20.26 9.14 1.65 0.51 6.69 14.09 21.51 24.15 22.65 18.49 12.43 5.79 1.36 0.00 0.00 0.00 0.00 0.00 0.00 0.00 0.00 0.00 0.00 0.00 0.00 0.00 0.00 0.00 4.50 17.09 38.00 68.71 94.01 108.65 104.74 92.37 80.86 82.22 92.38 96.88 87.24 82.44 89.77 112.44 138.74 152.22 157.25 157.35 149.31 132.49 115.37 103.42 106.71 121.66 136.48 141.17 132.90 104.18 68.98 0.00 
	0.00 0.00 0.08 10.96 32.38 49.17 59.42 69.49 65.17 53.99 43.92 27.73 17.72 22.27 34.31 46.24 60.03 66.86 67.98 61.41 51.03 38.71 27.24 21.07 24.89 33.63 43.27 49.93 49.86 43.81 34.86 23.77 12.79 4.22 0.05 0.00 0.00 0.00 0.00 0.00 0.00 0.00 0.00 0.00 0.00 0.00 0.00 0.00 0.00 13.70 42.80 78.07 110.60 127.85 130.76 118.15 99.38 88.66 95.99 101.88 106.55 99.51 89.03 95.41 111.07 128.20 139.16 145.52 152.12 151.26 139.33 122.54 109.05 112.36 126.22 145.36 144.26 133.35 105.58 67.50 0.00 
	0.00 0.00 2.27 16.44 36.77 56.90 72.75 77.55 64.79 46.94 28.78 18.22 19.57 30.58 43.17 57.77 74.52 83.60 89.83 92.63 83.04 74.44 66.53 63.29 62.83 67.03 75.45 78.71 77.27 70.05 57.69 41.08 25.92 11.90 1.36 0.00 0.00 0.00 0.00 0.00 0.00 0.00 0.00 0.00 0.00 0.00 0.00 0.00 8.20 41.90 79.45 113.79 130.52 134.35 118.42 99.20 91.44 89.83 99.36 107.83 105.55 92.23 74.36 70.77 88.69 109.86 119.66 127.92 137.33 137.90 127.09 113.01 100.45 104.22 112.83 120.22 122.81 115.03 91.17 68.27 0.00 
	0.00 0.00 5.21 19.60 43.49 67.30 85.13 83.07 67.47 49.98 31.45 24.16 31.37 40.32 50.17 67.67 84.26 97.11 108.20 112.78 110.96 108.12 101.29 98.14 98.75 100.56 101.65 103.10 98.43 90.61 74.44 57.30 44.53 30.40 14.74 1.83 0.00 0.00 0.00 0.00 0.00 0.00 0.00 0.00 0.00 0.00 0.00 8.28 37.33 74.53 111.34 135.85 132.06 107.91 89.70 87.44 96.48 104.83 115.81 122.99 116.75 95.84 80.87 80.43 91.70 109.02 118.73 127.63 135.08 135.47 122.49 114.21 113.29 115.81 120.28 124.94 128.17 115.29 96.35 86.70 0.00 
	0.00 0.00 5.79 19.24 43.10 66.89 82.19 78.88 67.61 55.95 44.38 42.92 55.10 66.44 73.51 83.25 93.00 105.59 120.26 127.07 125.71 125.28 121.46 116.30 116.10 112.66 104.68 96.53 87.65 82.83 80.38 76.17 66.75 52.51 35.88 19.09 3.58 0.00 0.00 0.00 0.00 0.00 0.00 0.00 0.00 0.89 14.47 36.55 69.76 104.52 129.53 128.11 105.63 85.81 83.59 99.66 118.55 144.66 158.40 155.40 141.43 126.91 118.47 118.09 124.10 141.67 158.51 165.76 161.26 154.85 152.17 153.35 153.56 154.34 155.61 159.53 154.84 134.96 119.25 113.88 0.00 
	0.00 0.00 3.90 16.23 34.21 55.06 68.37 68.89 62.65 56.59 53.07 62.69 77.86 92.31 104.43 110.67 115.10 119.10 127.51 127.58 123.93 121.93 116.04 109.11 99.62 85.52 70.27 59.08 53.42 55.62 70.78 85.29 83.61 70.81 54.21 33.67 14.03 1.33 0.00 0.00 0.00 0.00 0.00 0.00 0.03 13.88 37.94 70.07 101.71 122.32 123.77 100.07 80.88 77.98 96.61 130.83 171.39 200.12 212.60 207.53 193.42 179.08 168.60 165.49 168.87 184.44 200.20 206.88 206.61 201.40 197.85 198.57 194.70 192.78 198.86 194.78 183.84 163.60 142.10 133.75 0.00 
	0.00 0.00 1.76 10.31 24.14 36.78 46.56 51.84 48.37 48.53 61.73 81.11 96.70 116.68 128.39 132.08 133.59 125.38 119.73 112.01 99.65 84.08 73.26 59.57 42.85 26.37 12.25 3.10 0.63 13.62 39.78 71.24 89.65 84.91 66.83 42.93 20.96 5.16 0.00 0.00 0.00 0.00 0.00 0.00 4.38 30.15 70.24 105.77 123.74 116.06 94.38 76.82 76.02 87.82 124.35 165.66 206.41 228.72 231.83 224.18 217.71 208.77 200.76 199.76 204.35 213.48 221.28 226.68 227.64 218.81 211.38 209.87 207.94 213.59 222.64 217.52 207.76 194.44 166.14 143.26 0.00 
	0.00 0.00 0.00 4.14 13.39 22.15 27.34 31.09 32.86 41.91 63.05 88.16 107.44 131.92 141.25 140.77 137.93 123.75 107.36 88.32 65.06 37.42 17.34 -0.17 -17.35 -34.47 -49.91 -61.94 -61.88 -44.57 -9.55 31.40 68.10 87.14 68.54 44.19 22.62 6.60 0.00 0.00 0.00 0.00 0.00 0.00 17.95 62.19 106.28 135.55 128.62 106.56 78.64 73.78 86.70 117.29 155.33 188.69 200.24 208.39 205.41 197.40 193.96 194.20 191.60 192.50 192.39 191.84 192.10 194.97 195.35 193.46 189.01 192.36 194.00 198.41 210.63 211.91 205.51 188.50 159.43 134.08 0.00 
	0.00 0.00 0.00 0.00 4.79 10.74 14.10 17.02 21.29 31.92 50.20 72.59 93.97 117.22 131.00 131.76 127.49 110.84 86.40 57.60 26.98 -4.07 -27.94 -48.43 -64.09 -80.04 -93.60 -102.47 -102.44 -88.90 -50.98 -10.60 25.46 50.09 50.00 36.20 19.17 5.04 0.00 0.00 0.00 0.00 0.00 13.78 54.85 102.97 139.73 147.45 125.03 98.66 77.44 90.14 119.15 147.10 169.75 179.52 168.44 160.57 152.89 142.81 140.51 146.96 152.47 153.04 146.11 140.11 138.29 138.25 137.13 136.70 143.67 148.82 152.29 160.26 173.05 184.59 181.40 169.27 146.23 122.10 0.00 
	0.00 0.00 1.03 2.96 3.59 5.05 5.26 5.59 13.15 21.44 35.67 53.79 69.52 85.45 98.72 101.10 96.60 80.65 59.81 27.71 -11.16 -40.94 -61.84 -78.79 -87.38 -93.55 -102.19 -105.27 -103.12 -100.19 -93.10 -65.48 -24.13 6.96 20.77 22.26 11.31 0.92 0.00 0.00 0.00 0.02 11.29 43.89 89.07 132.68 158.28 148.03 112.92 97.85 99.12 125.83 156.61 166.46 167.20 149.19 122.54 97.64 89.85 82.94 89.35 104.11 111.63 110.90 100.98 86.24 78.81 74.04 70.68 76.33 82.86 93.52 105.48 121.08 136.55 153.64 160.79 162.08 143.89 114.43 0.00 
	0.00 2.11 7.18 11.21 11.84 9.07 6.15 7.16 11.87 20.16 27.80 37.78 45.69 51.56 59.01 61.00 53.60 42.08 26.33 6.39 -21.64 -48.06 -69.17 -82.92 -88.70 -93.04 -99.65 -100.70 -100.13 -101.29 -95.45 -90.78 -73.19 -32.90 -5.56 4.79 3.11 0.00 0.00 0.00 0.00 5.54 30.37 70.34 115.67 147.78 143.60 124.66 100.65 108.40 129.84 157.01 177.69 176.03 148.40 114.35 82.74 57.59 40.70 46.36 64.82 79.19 88.58 85.63 72.13 51.69 32.25 26.55 30.58 38.27 49.80 60.76 75.15 100.86 118.59 129.43 145.87 158.22 147.55 117.15 0.00 
	3.79 13.50 19.77 23.43 25.84 24.71 22.47 27.63 31.69 34.19 31.85 25.20 22.75 21.63 21.38 19.29 14.00 7.51 -1.55 -10.88 -25.85 -46.66 -68.64 -85.68 -93.24 -95.18 -94.84 -92.74 -93.52 -102.62 -99.73 -92.03 -93.76 -65.26 -25.86 -8.64 -0.31 0.00 0.00 0.00 0.00 14.39 44.39 85.66 118.93 127.48 114.18 99.47 98.74 123.97 159.56 180.24 180.01 157.28 120.27 88.12 63.97 49.97 47.03 59.34 72.26 83.28 88.43 84.43 74.67 62.45 50.25 38.89 30.21 26.67 35.89 48.01 61.14 81.80 107.96 129.48 147.55 158.84 154.09 133.72 0.00 
	25.16 37.97 43.99 45.10 45.69 42.69 46.87 50.06 53.54 56.19 49.96 36.07 20.65 6.62 -5.99 -12.37 -18.37 -23.83 -29.69 -32.16 -32.79 -48.36 -75.01 -96.50 -105.06 -99.35 -90.24 -94.75 -94.80 -101.47 -103.08 -95.43 -97.28 -75.55 -32.44 -7.61 -0.01 0.00 0.00 0.00 0.00 21.35 49.77 84.94 98.24 90.21 81.08 81.45 103.88 148.27 181.56 188.84 169.37 132.39 103.06 77.68 60.85 62.04 74.66 85.59 93.53 100.72 99.23 100.56 97.29 95.10 83.91 64.39 44.36 29.15 27.42 39.40 52.87 75.06 102.21 135.99 159.55 169.81 165.81 148.85 0.00 
	49.51 66.56 76.03 81.14 76.07 68.90 76.28 76.61 71.74 74.33 65.59 45.16 27.39 5.21 -15.14 -28.17 -41.55 -49.35 -50.34 -48.02 -45.54 -50.26 -77.11 -103.19 -101.38 -100.94 -96.32 -97.91 -99.33 -101.12 -101.77 -99.16 -96.56 -71.08 -31.23 -4.46 0.00 0.00 0.00 0.00 4.59 26.00 50.11 70.50 71.69 60.34 67.58 92.84 141.48 177.23 190.57 181.84 151.51 120.13 96.17 81.00 80.93 94.45 103.18 109.82 112.77 114.99 113.30 115.51 117.52 119.68 105.77 85.84 59.13 40.24 28.83 35.97 50.11 67.50 90.29 128.72 156.93 168.10 164.54 150.20 0.00 
	75.07 98.46 109.51 114.88 106.13 91.18 99.61 101.24 91.55 85.50 67.62 46.48 28.24 3.25 -18.81 -37.54 -60.37 -77.36 -76.58 -68.15 -55.68 -53.99 -75.05 -98.06 -106.99 -103.87 -103.74 -104.52 -101.33 -104.49 -105.65 -104.74 -88.95 -55.91 -22.71 -1.78 0.00 0.00 0.00 0.03 9.49 29.65 49.73 54.60 44.18 51.76 81.38 128.79 174.70 202.50 194.79 166.09 136.81 106.55 93.00 97.80 105.95 114.66 118.66 116.73 109.63 104.18 104.33 109.25 112.08 115.86 107.58 92.16 69.75 52.75 35.54 37.30 46.20 57.11 75.07 108.67 137.75 152.27 151.05 140.04 0.00 
	101.22 132.74 139.78 140.08 127.45 110.49 108.95 108.28 98.38 85.68 62.30 39.46 23.23 0.29 -21.04 -48.01 -77.88 -94.10 -92.61 -83.61 -71.38 -63.12 -78.53 -98.45 -114.26 -113.03 -103.26 -104.21 -101.62 -108.22 -105.76 -101.32 -72.26 -39.13 -12.85 -1.90 0.00 0.00 0.00 3.02 20.35 37.53 50.84 46.92 41.21 67.05 111.96 163.27 202.44 214.14 191.25 160.02 128.49 107.36 111.96 118.73 124.04 124.68 116.11 101.23 88.82 80.93 78.57 84.26 86.84 90.05 89.31 75.90 62.14 56.45 48.07 42.58 48.49 48.87 58.57 84.16 107.99 124.63 129.64 121.88 0.00 
	112.37 147.35 158.84 154.40 143.80 121.35 107.81 104.56 96.62 78.95 54.71 29.08 13.56 -3.39 -20.56 -53.33 -81.38 -95.65 -97.85 -93.81 -84.35 -71.44 -75.38 -92.15 -110.59 -112.64 -104.03 -102.42 -99.89 -101.91 -104.23 -81.41 -53.11 -24.11 -8.40 -1.71 0.00 0.00 0.00 11.51 32.27 49.05 53.17 44.10 54.07 87.86 146.15 198.62 226.23 215.36 181.70 149.46 128.62 119.23 129.14 137.74 133.45 117.91 95.74 72.61 58.49 51.06 47.81 55.41 58.23 62.16 63.01 55.59 50.57 54.56 62.16 58.42 55.13 50.29 50.42 61.58 81.33 96.77 102.13 94.38 0.00 
	110.89 148.22 165.21 156.11 138.53 114.70 101.07 98.32 89.41 69.72 44.98 21.06 5.14 1.43 -15.55 -48.54 -75.44 -92.63 -99.96 -100.62 -88.95 -74.36 -66.50 -76.17 -91.91 -98.77 -98.77 -101.59 -99.50 -96.05 -85.35 -60.83 -37.49 -18.08 -4.53 -0.46 0.00 0.00 1.83 17.95 36.46 54.98 55.40 51.27 69.39 110.65 172.25 221.06 232.75 209.29 169.87 140.46 125.46 126.97 145.76 146.10 124.37 94.18 62.45 41.11 27.35 19.10 20.77 30.41 33.54 33.66 34.05 34.41 35.43 44.87 60.84 72.66 67.41 57.87 55.27 55.27 57.23 66.90 70.59 65.28 0.00 
	107.85 146.32 166.41 153.42 126.75 104.56 86.49 89.51 80.15 61.39 41.04 26.93 22.95 22.23 8.71 -23.46 -53.55 -79.46 -95.05 -94.69 -89.22 -72.09 -58.59 -58.78 -62.83 -61.01 -66.93 -74.62 -74.84 -71.90 -65.00 -42.88 -22.50 -10.07 -1.90 0.00 0.00 0.00 3.44 17.60 35.05 49.01 43.24 51.43 80.75 129.00 189.02 227.34 220.26 188.91 154.50 127.08 116.65 135.10 145.54 134.96 105.75 67.17 34.69 13.76 0.31 -9.07 -1.55 13.23 23.15 24.13 23.70 17.75 20.61 32.11 48.17 64.63 73.05 69.45 63.27 56.07 49.52 43.58 43.51 39.93 0.00 
	104.63 144.39 164.36 152.60 128.97 105.05 87.25 84.48 83.16 67.55 46.76 44.00 47.46 45.25 34.18 9.99 -23.50 -45.79 -61.78 -71.71 -70.14 -56.77 -41.73 -37.83 -40.66 -33.67 -34.85 -43.19 -49.64 -48.27 -39.58 -19.60 -3.71 2.34 0.00 0.00 0.00 0.00 2.34 11.02 24.45 32.50 30.46 47.93 77.57 133.76 191.25 215.00 200.04 167.49 130.19 102.23 109.39 132.20 129.83 109.73 82.36 47.93 15.08 0.49 -3.78 4.33 19.48 30.31 35.75 40.42 34.59 23.91 11.34 12.47 25.93 43.90 61.53 73.04 70.68 62.18 50.53 38.29 26.83 19.50 0.00 
	98.16 138.63 163.22 155.22 134.02 112.38 94.68 85.40 88.41 75.59 62.97 55.99 52.17 41.28 38.29 25.49 4.99 -11.60 -20.15 -35.04 -45.51 -35.59 -15.89 -12.39 -18.00 -17.19 -6.23 -15.92 -25.27 -30.87 -17.58 2.11 12.71 6.50 0.00 0.00 0.00 0.00 0.00 5.36 10.61 14.07 15.54 34.31 70.86 123.10 168.07 183.59 168.24 135.60 100.33 82.00 94.61 110.29 103.91 80.15 56.31 26.87 0.22 -2.80 13.13 35.25 48.10 53.69 56.20 54.35 50.91 40.34 28.19 14.88 8.14 23.51 41.61 56.09 68.14 65.38 51.83 36.87 21.37 8.37 0.00 
	92.02 135.50 163.39 160.03 133.70 113.23 98.27 89.40 88.00 80.34 64.80 53.31 38.15 27.13 28.38 27.68 12.95 6.16 7.32 -6.86 -21.06 -16.18 3.32 15.18 8.94 4.38 7.94 9.42 -3.25 -10.95 -1.92 12.84 12.77 4.34 0.00 0.00 0.00 0.00 0.00 0.09 2.67 3.95 6.32 21.53 58.05 99.80 135.63 142.46 126.33 98.07 70.35 64.41 69.91 76.88 73.54 55.91 32.96 6.83 -5.13 13.49 35.83 54.03 65.43 66.53 64.12 66.51 63.89 61.06 49.16 33.31 14.96 6.76 19.42 34.71 49.28 57.59 59.98 43.62 25.67 10.23 0.00 
	79.14 123.17 148.74 150.76 131.27 112.00 95.61 91.67 85.28 71.03 55.26 38.17 25.00 24.26 30.83 25.82 21.02 24.49 30.03 26.22 13.25 10.33 24.08 36.36 30.57 16.70 20.93 21.36 16.89 10.98 11.89 7.22 4.90 1.18 0.00 0.00 0.00 0.00 0.00 0.00 0.00 0.00 2.53 12.63 37.71 69.41 93.59 101.12 88.22 62.98 44.25 43.40 43.74 46.69 43.18 31.36 13.77 -1.18 4.98 18.12 34.60 50.35 58.03 58.50 55.30 57.88 65.93 71.69 62.55 45.35 23.78 7.18 1.36 12.79 27.18 42.82 49.38 44.64 30.63 14.37 0.00 
	59.32 92.71 114.77 122.29 115.91 97.57 83.25 78.88 72.14 57.62 39.30 21.90 15.29 24.25 39.46 37.77 33.73 35.58 40.39 37.60 31.88 30.57 31.47 36.14 26.29 16.72 17.73 21.25 22.02 22.50 16.99 6.83 1.42 0.00 0.00 0.00 0.00 0.00 0.00 0.00 0.00 0.00 0.01 6.96 19.49 38.01 54.39 59.75 51.65 34.38 22.87 21.29 22.10 23.68 19.06 10.59 2.26 1.57 3.99 10.45 22.40 31.40 35.26 35.19 31.52 35.91 48.01 56.73 57.54 45.87 24.69 8.78 0.39 0.01 10.14 25.79 35.29 39.48 29.07 14.03 0.00 
	0.00 0.00 0.00 0.00 0.00 0.00 0.00 0.00 0.00 0.00 0.00 0.00 0.00 0.00 0.00 0.00 0.00 0.00 0.00 0.00 0.00 0.00 0.00 0.00 0.00 0.00 0.00 0.00 0.00 0.00 0.00 0.00 0.00 0.00 0.00 0.00 0.00 0.00 0.00 0.00 0.00 0.00 0.00 0.00 0.00 0.00 0.00 0.00 0.00 0.00 0.00 0.00 0.00 0.00 0.00 0.00 0.00 0.00 0.00 0.00 0.00 0.00 0.00 0.00 0.00 0.00 0.00 0.00 0.00 0.00 0.00 0.00 0.00 0.00 0.00 0.00 0.00 0.00 0.00 0.00 0.00 

END_VTXPOS

END_FIELDSET

END_SCRIPT		# この行は絶対消さないこと！